Quater,State,Net Interstate Migration,Net Overseas Migration,Number of change
1/06/1981,Australian Capital Territory,565,-131,434
1/06/1981,New South Wales,-6330,9281,2951
1/06/1981,Northern Territory,1806,400,2206
1/06/1981,Queensland,8558,4630,13188
1/06/1981,South Australia,-1675,1301,-374
1/06/1981,Tasmania,-274,194,-80
1/06/1981,Victoria,-3330,5533,2203
1/06/1981,Western Australia,680,3776,4456
1/09/1981,Australian Capital Territory,-15,152,137
1/09/1981,New South Wales,-7768,13284,5516
1/09/1981,Northern Territory,1264,279,1543
1/09/1981,Queensland,11740,4541,16281
1/09/1981,South Australia,-1846,2279,433
1/09/1981,Tasmania,-480,268,-212
1/09/1981,Victoria,-4897,8237,3340
1/09/1981,Western Australia,2002,5101,7103
1/12/1981,Australian Capital Territory,-824,383,-441
1/12/1981,New South Wales,-4528,13295,8767
1/12/1981,Northern Territory,935,416,1351
1/12/1981,Queensland,10128,4514,14642
1/12/1981,South Australia,-988,2692,1704
1/12/1981,Tasmania,-810,302,-508
1/12/1981,Victoria,-4354,8505,4151
1/12/1981,Western Australia,441,4375,4816
1/03/1982,Australian Capital Territory,-42,419,377
1/03/1982,New South Wales,-3824,12477,8653
1/03/1982,Northern Territory,468,215,683
1/03/1982,Queensland,7005,4008,11013
1/03/1982,South Australia,-602,1844,1242
1/03/1982,Tasmania,-106,207,101
1/03/1982,Victoria,-3393,7606,4213
1/03/1982,Western Australia,494,4600,5094
1/06/1982,Australian Capital Territory,711,271,982
1/06/1982,New South Wales,-3464,10337,6873
1/06/1982,Northern Territory,-598,273,-325
1/06/1982,Queensland,6580,4502,11082
1/06/1982,South Australia,-1439,1705,266
1/06/1982,Tasmania,-626,153,-473
1/06/1982,Victoria,-1785,6796,5011
1/06/1982,Western Australia,621,4081,4702
1/09/1982,Australian Capital Territory,-430,80,-350
1/09/1982,New South Wales,-5094,9593,4499
1/09/1982,Northern Territory,-47,93,46
1/09/1982,Queensland,8184,4244,12428
1/09/1982,South Australia,-722,1950,1228
1/09/1982,Tasmania,-555,185,-370
1/09/1982,Victoria,-1840,6164,4324
1/09/1982,Western Australia,504,4584,5088
1/12/1982,Australian Capital Territory,-98,209,111
1/12/1982,New South Wales,-4193,6138,1945
1/12/1982,Northern Territory,174,22,196
1/12/1982,Queensland,5730,1412,7142
1/12/1982,South Australia,60,1568,1628
1/12/1982,Tasmania,-328,216,-112
1/12/1982,Victoria,-1739,4394,2655
1/12/1982,Western Australia,394,2362,2756
1/03/1983,Australian Capital Territory,603,283,886
1/03/1983,New South Wales,-2809,6483,3674
1/03/1983,Northern Territory,285,244,529
1/03/1983,Queensland,3430,1876,5306
1/03/1983,South Australia,140,1783,1923
1/03/1983,Tasmania,-487,188,-299
1/03/1983,Victoria,-1196,5952,4756
1/03/1983,Western Australia,34,2405,2439
1/06/1983,Australian Capital Territory,913,-31,882
1/06/1983,New South Wales,-5085,3526,-1559
1/06/1983,Northern Territory,118,123,241
1/06/1983,Queensland,3487,1089,4576
1/06/1983,South Australia,194,1116,1310
1/06/1983,Tasmania,156,22,178
1/06/1983,Victoria,-361,3164,2803
1/06/1983,Western Australia,578,1858,2436
1/09/1983,Australian Capital Territory,-229,199,-30
1/09/1983,New South Wales,-2955,5174,2219
1/09/1983,Northern Territory,569,432,1001
1/09/1983,Queensland,2932,1187,4119
1/09/1983,South Australia,406,1253,1659
1/09/1983,Tasmania,54,128,182
1/09/1983,Victoria,-1221,3664,2443
1/09/1983,Western Australia,444,1607,2051
1/12/1983,Australian Capital Territory,584,120,704
1/12/1983,New South Wales,-3333,4901,1568
1/12/1983,Northern Territory,394,16,410
1/12/1983,Queensland,3080,426,3506
1/12/1983,South Australia,88,1032,1120
1/12/1983,Tasmania,105,271,376
1/12/1983,Victoria,-1139,3525,2386
1/12/1983,Western Australia,221,979,1200
1/03/1984,Australian Capital Territory,84,346,430
1/03/1984,New South Wales,-1565,4748,3183
1/03/1984,Northern Territory,-221,87,-134
1/03/1984,Queensland,2310,391,2701
1/03/1984,South Australia,-185,829,644
1/03/1984,Tasmania,-5,131,126
1/03/1984,Victoria,-155,3623,3468
1/03/1984,Western Australia,-263,862,599
1/06/1984,Australian Capital Territory,503,10,513
1/06/1984,New South Wales,-2414,5875,3461
1/06/1984,Northern Territory,-16,297,281
1/06/1984,Queensland,1637,1263,2900
1/06/1984,South Australia,244,855,1099
1/06/1984,Tasmania,541,129,670
1/06/1984,Victoria,-825,3918,3093
1/06/1984,Western Australia,330,820,1150
1/09/1984,Australian Capital Territory,-153,193,40
1/09/1984,New South Wales,-2640,7967,5327
1/09/1984,Northern Territory,417,242,659
1/09/1984,Queensland,3683,2196,5879
1/09/1984,South Australia,-601,948,347
1/09/1984,Tasmania,106,201,307
1/09/1984,Victoria,-1255,5051,3796
1/09/1984,Western Australia,443,1673,2116
1/12/1984,Australian Capital Territory,-235,-52,-287
1/12/1984,New South Wales,-1646,7376,5730
1/12/1984,Northern Territory,2,140,142
1/12/1984,Queensland,3639,1241,4880
1/12/1984,South Australia,-673,1320,647
1/12/1984,Tasmania,147,243,390
1/12/1984,Victoria,-1167,5112,3945
1/12/1984,Western Australia,-67,1788,1721
1/03/1985,Australian Capital Territory,155,495,650
1/03/1985,New South Wales,-1219,9033,7814
1/03/1985,Northern Territory,-237,350,113
1/03/1985,Queensland,3401,2081,5482
1/03/1985,South Australia,-156,1118,962
1/03/1985,Tasmania,14,187,201
1/03/1985,Victoria,-2328,6233,3905
1/03/1985,Western Australia,370,2362,2732
1/06/1985,Australian Capital Territory,1402,22,1424
1/06/1985,New South Wales,-3823,6903,3080
1/06/1985,Northern Territory,426,324,750
1/06/1985,Queensland,2197,2147,4344
1/06/1985,South Australia,-887,943,56
1/06/1985,Tasmania,510,138,648
1/06/1985,Victoria,-1049,3762,2713
1/06/1985,Western Australia,1224,1971,3195
1/09/1985,Australian Capital Territory,664,303,967
1/09/1985,New South Wales,-3549,9472,5923
1/09/1985,Northern Territory,466,386,852
1/09/1985,Queensland,4012,2639,6651
1/09/1985,South Australia,-659,1272,613
1/09/1985,Tasmania,-284,179,-105
1/09/1985,Victoria,-2754,6503,3749
1/09/1985,Western Australia,2104,2820,4924
1/12/1985,Australian Capital Territory,966,339,1305
1/12/1985,New South Wales,-3641,11725,8084
1/12/1985,Northern Territory,371,225,596
1/12/1985,Queensland,4607,2892,7499
1/12/1985,South Australia,-197,1414,1217
1/12/1985,Tasmania,21,222,243
1/12/1985,Victoria,-4159,7440,3281
1/12/1985,Western Australia,2032,3421,5453
1/03/1986,Australian Capital Territory,-138,511,373
1/03/1986,New South Wales,-2127,10523,8396
1/03/1986,Northern Territory,-543,267,-276
1/03/1986,Queensland,3861,2733,6594
1/03/1986,South Australia,-91,1201,1110
1/03/1986,Tasmania,-26,341,315
1/03/1986,Victoria,-3458,6925,3467
1/03/1986,Western Australia,2522,3249,5771
1/06/1986,Australian Capital Territory,291,267,558
1/06/1986,New South Wales,-3145,9202,6057
1/06/1986,Northern Territory,-787,327,-460
1/06/1986,Queensland,4020,3118,7138
1/06/1986,South Australia,-470,1197,727
1/06/1986,Tasmania,151,148,299
1/06/1986,Victoria,-2830,5552,2722
1/06/1986,Western Australia,2770,3546,6316
1/09/1986,Australian Capital Territory,627,306,933
1/09/1986,New South Wales,-2476,12290,9814
1/09/1986,Northern Territory,142,278,420
1/09/1986,Queensland,4157,3418,7575
1/09/1986,South Australia,-1094,1560,466
1/09/1986,Tasmania,-229,208,-21
1/09/1986,Victoria,-3195,7321,4126
1/09/1986,Western Australia,2068,4211,6279
1/12/1986,Australian Capital Territory,362,442,804
1/12/1986,New South Wales,-1397,12826,11429
1/12/1986,Northern Territory,201,185,386
1/12/1986,Queensland,4969,3250,8219
1/12/1986,South Australia,-1344,2005,661
1/12/1986,Tasmania,-260,309,49
1/12/1986,Victoria,-3812,8440,4628
1/12/1986,Western Australia,1281,4507,5788
1/03/1987,Australian Capital Territory,399,709,1108
1/03/1987,New South Wales,-2887,14819,11932
1/03/1987,Northern Territory,15,315,330
1/03/1987,Queensland,6292,3066,9358
1/03/1987,South Australia,-794,1430,636
1/03/1987,Tasmania,-688,190,-498
1/03/1987,Victoria,-3921,9715,5794
1/03/1987,Western Australia,1584,4814,6398
1/06/1987,Australian Capital Territory,552,167,719
1/06/1987,New South Wales,-2764,12758,9994
1/06/1987,Northern Territory,-478,244,-234
1/06/1987,Queensland,4300,3437,7737
1/06/1987,South Australia,-745,1205,460
1/06/1987,Tasmania,-331,163,-168
1/06/1987,Victoria,-2177,7360,5183
1/06/1987,Western Australia,1643,3782,5425
1/09/1987,Australian Capital Territory,586,545,1131
1/09/1987,New South Wales,-2003,15572,13569
1/09/1987,Northern Territory,-185,330,145
1/09/1987,Queensland,4950,4387,9337
1/09/1987,South Australia,-48,1464,1416
1/09/1987,Tasmania,-847,291,-556
1/09/1987,Victoria,-3371,10088,6717
1/09/1987,Western Australia,918,4757,5675
1/12/1987,Australian Capital Territory,553,32,585
1/12/1987,New South Wales,-3141,15170,12029
1/12/1987,Northern Territory,-904,98,-806
1/12/1987,Queensland,7329,4459,11788
1/12/1987,South Australia,-144,1446,1302
1/12/1987,Tasmania,-440,206,-234
1/12/1987,Victoria,-4396,8841,4445
1/12/1987,Western Australia,1143,4200,5343
1/03/1988,Australian Capital Territory,562,788,1350
1/03/1988,New South Wales,-4029,18575,14546
1/03/1988,Northern Territory,-1093,356,-737
1/03/1988,Queensland,9097,6643,15740
1/03/1988,South Australia,-459,1841,1382
1/03/1988,Tasmania,-349,335,-14
1/03/1988,Victoria,-4823,11808,6985
1/03/1988,Western Australia,1094,6916,8010
1/06/1988,Australian Capital Territory,361,77,438
1/06/1988,New South Wales,-4167,12173,8006
1/06/1988,Northern Territory,-947,243,-704
1/06/1988,Queensland,6344,4953,11297
1/06/1988,South Australia,-589,1201,612
1/06/1988,Tasmania,-288,59,-229
1/06/1988,Victoria,-1833,6515,4682
1/06/1988,Western Australia,1119,4972,6091
1/09/1988,Australian Capital Territory,-341,477,136
1/09/1988,New South Wales,-7495,21495,14000
1/09/1988,Northern Territory,-143,316,173
1/09/1988,Queensland,8992,7507,16499
1/09/1988,South Australia,-333,2589,2256
1/09/1988,Tasmania,-194,284,90
1/09/1988,Victoria,-2076,12862,10786
1/09/1988,Western Australia,1590,8057,9647
1/12/1988,Australian Capital Territory,-257,326,69
1/12/1988,New South Wales,-7594,16998,9404
1/12/1988,Northern Territory,-141,168,27
1/12/1988,Queensland,9828,5861,15689
1/12/1988,South Australia,138,1533,1671
1/12/1988,Tasmania,-232,184,-48
1/12/1988,Victoria,-3167,10603,7436
1/12/1988,Western Australia,1425,6079,7504
1/03/1989,Australian Capital Territory,472,439,911
1/03/1989,New South Wales,-11342,16594,5252
1/03/1989,Northern Territory,-458,382,-76
1/03/1989,Queensland,15327,5637,20964
1/03/1989,South Australia,573,1708,2281
1/03/1989,Tasmania,92,264,356
1/03/1989,Victoria,-5125,11191,6066
1/03/1989,Western Australia,461,6773,7234
1/06/1989,Australian Capital Territory,12,-162,-150
1/06/1989,New South Wales,-11543,7549,-3994
1/06/1989,Northern Territory,-727,78,-649
1/06/1989,Queensland,12915,2771,15686
1/06/1989,South Australia,-599,835,236
1/06/1989,Tasmania,537,24,561
1/06/1989,Victoria,-2136,4758,2622
1/06/1989,Western Australia,1541,3256,4797
1/09/1989,Australian Capital Territory,35,211,246
1/09/1989,New South Wales,-10427,14092,3665
1/09/1989,Northern Territory,-406,266,-140
1/09/1989,Queensland,11289,4024,15313
1/09/1989,South Australia,-170,1506,1336
1/09/1989,Tasmania,681,159,840
1/09/1989,Victoria,-2340,8958,6618
1/09/1989,Western Australia,1338,4972,6310
1/12/1989,Australian Capital Territory,644,258,902
1/12/1989,New South Wales,-9163,14459,5296
1/12/1989,Northern Territory,-410,106,-304
1/12/1989,Queensland,9441,3434,12875
1/12/1989,South Australia,136,1749,1885
1/12/1989,Tasmania,446,309,755
1/12/1989,Victoria,-1966,9150,7184
1/12/1989,Western Australia,872,3728,4600
1/03/1990,Australian Capital Territory,-106,577,471
1/03/1990,New South Wales,-8884,13847,4963
1/03/1990,Northern Territory,-502,280,-222
1/03/1990,Queensland,11167,3037,14204
1/03/1990,South Australia,267,1540,1807
1/03/1990,Tasmania,481,238,719
1/03/1990,Victoria,-3139,10226,7087
1/03/1990,Western Australia,716,4905,5621
1/06/1990,Australian Capital Territory,757,-31,726
1/06/1990,New South Wales,-7509,9801,2292
1/06/1990,Northern Territory,148,266,414
1/06/1990,Queensland,6205,2647,8852
1/06/1990,South Australia,-485,967,482
1/06/1990,Tasmania,1182,54,1236
1/06/1990,Victoria,-384,5679,5295
1/06/1990,Western Australia,86,3233,3319
1/09/1990,Australian Capital Territory,495,224,719
1/09/1990,New South Wales,-5141,10649,5508
1/09/1990,Northern Territory,-332,268,-64
1/09/1990,Queensland,6175,2596,8771
1/09/1990,South Australia,446,1168,1614
1/09/1990,Tasmania,412,116,528
1/09/1990,Victoria,-2322,6884,4562
1/09/1990,Western Australia,267,2951,3218
1/12/1990,Australian Capital Territory,636,-228,408
1/12/1990,New South Wales,-6389,7053,664
1/12/1990,Northern Territory,49,28,77
1/12/1990,Queensland,9002,990,9992
1/12/1990,South Australia,287,1016,1303
1/12/1990,Tasmania,94,59,153
1/12/1990,Victoria,-3208,4374,1166
1/12/1990,Western Australia,-471,1717,1246
1/03/1991,Australian Capital Territory,758,576,1334
1/03/1991,New South Wales,-3372,12878,9506
1/03/1991,Northern Territory,-537,215,-322
1/03/1991,Queensland,8867,4082,12949
1/03/1991,South Australia,575,1540,2115
1/03/1991,Tasmania,155,272,427
1/03/1991,Victoria,-5335,9336,4001
1/03/1991,Western Australia,-1111,4218,3107
1/06/1991,Australian Capital Territory,1043,-145,898
1/06/1991,New South Wales,-2304,5916,3612
1/06/1991,Northern Territory,-332,110,-222
1/06/1991,Queensland,5665,2075,7740
1/06/1991,South Australia,237,895,1132
1/06/1991,Tasmania,155,-39,116
1/06/1991,Victoria,-3988,2919,-1069
1/06/1991,Western Australia,-476,1719,1243
1/09/1991,Australian Capital Territory,79,110,189
1/09/1991,New South Wales,-2989,11509,8520
1/09/1991,Northern Territory,90,210,300
1/09/1991,Queensland,7384,3210,10594
1/09/1991,South Australia,156,1103,1259
1/09/1991,Tasmania,91,51,142
1/09/1991,Victoria,-4626,6637,2011
1/09/1991,Western Australia,-185,2982,2797
1/12/1991,Australian Capital Territory,39,-204,-165
1/12/1991,New South Wales,-3719,4838,1119
1/12/1991,Northern Territory,-419,-130,-549
1/12/1991,Queensland,9047,812,9859
1/12/1991,South Australia,-325,477,152
1/12/1991,Tasmania,-30,2,-28
1/12/1991,Victoria,-4506,2586,-1920
1/12/1991,Western Australia,-87,909,822
1/03/1992,Australian Capital Territory,543,384,927
1/03/1992,New South Wales,-5164,11443,6279
1/03/1992,Northern Territory,-56,160,104
1/03/1992,Queensland,11028,3291,14319
1/03/1992,South Australia,50,1127,1177
1/03/1992,Tasmania,-154,60,-94
1/03/1992,Victoria,-5954,7741,1787
1/03/1992,Western Australia,-293,2866,2573
1/06/1992,Australian Capital Territory,704,-262,442
1/06/1992,New South Wales,-1935,3388,1453
1/06/1992,Northern Territory,-584,-76,-660
1/06/1992,Queensland,6640,937,7577
1/06/1992,South Australia,-539,190,-349
1/06/1992,Tasmania,-196,-77,-273
1/06/1992,Victoria,-3341,1398,-1943
1/06/1992,Western Australia,-749,908,159
1/09/1992,Australian Capital Territory,174,-38,136
1/09/1992,New South Wales,-3407,6423,3016
1/09/1992,Northern Territory,-431,81,-350
1/09/1992,Queensland,11467,2169,13636
1/09/1992,South Australia,-1324,634,-690
1/09/1992,Tasmania,-417,95,-322
1/09/1992,Victoria,-6596,3914,-2682
1/09/1992,Western Australia,534,1815,2349
1/12/1992,Australian Capital Territory,-297,-321,-618
1/12/1992,New South Wales,-5250,1890,-3360
1/12/1992,Northern Territory,462,-86,376
1/12/1992,Queensland,11289,-113,11176
1/12/1992,South Australia,-810,184,-626
1/12/1992,Tasmania,-44,-38,-82
1/12/1992,Victoria,-5120,935,-4185
1/12/1992,Western Australia,-230,336,106
1/03/1993,Australian Capital Territory,1410,246,1656
1/03/1993,New South Wales,-5784,6812,1028
1/03/1993,Northern Territory,-182,100,-82
1/03/1993,Queensland,16153,2476,18629
1/03/1993,South Australia,-2136,945,-1191
1/03/1993,Tasmania,-471,182,-289
1/03/1993,Victoria,-7738,4882,-2856
1/03/1993,Western Australia,-1252,2859,1607
1/06/1993,Australian Capital Territory,29,-490,-461
1/06/1993,New South Wales,-3094,-2497,-5591
1/06/1993,Northern Territory,-548,-51,-599
1/06/1993,Queensland,10253,-813,9440
1/06/1993,South Australia,-940,-217,-1157
1/06/1993,Tasmania,-562,-136,-698
1/06/1993,Victoria,-5934,-1766,-7700
1/06/1993,Western Australia,796,-370,426
1/09/1993,Australian Capital Territory,-45,97,52
1/09/1993,New South Wales,-2998,8122,5124
1/09/1993,Northern Territory,126,116,242
1/09/1993,Queensland,12267,2385,14652
1/09/1993,South Australia,-786,937,151
1/09/1993,Tasmania,-351,99,-252
1/09/1993,Victoria,-8573,3824,-4749
1/09/1993,Western Australia,360,2221,2581
1/12/1993,Australian Capital Territory,-113,-445,-558
1/12/1993,New South Wales,-2895,3199,304
1/12/1993,Northern Territory,-215,-57,-272
1/12/1993,Queensland,10143,118,10261
1/12/1993,South Australia,-799,163,-636
1/12/1993,Tasmania,-490,-26,-516
1/12/1993,Victoria,-6473,1057,-5416
1/12/1993,Western Australia,842,850,1692
1/03/1994,Australian Capital Territory,-284,170,-114
1/03/1994,New South Wales,-2330,8097,5767
1/03/1994,Northern Territory,-425,78,-347
1/03/1994,Queensland,12793,2279,15072
1/03/1994,South Australia,-1445,899,-546
1/03/1994,Tasmania,-862,118,-744
1/03/1994,Victoria,-8543,4946,-3597
1/03/1994,Western Australia,1096,2952,4048
1/06/1994,Australian Capital Territory,16,-240,-224
1/06/1994,New South Wales,-3957,2511,-1446
1/06/1994,Northern Territory,-361,58,-303
1/06/1994,Queensland,9733,459,10192
1/06/1994,South Australia,-948,-5,-953
1/06/1994,Tasmania,-404,1,-403
1/06/1994,Victoria,-5606,871,-4735
1/06/1994,Western Australia,1527,695,2222
1/09/1994,Australian Capital Territory,-288,216,-72
1/09/1994,New South Wales,-2412,12369,9957
1/09/1994,Northern Territory,-519,265,-254
1/09/1994,Queensland,9339,4131,13470
1/09/1994,South Australia,-1504,937,-567
1/09/1994,Tasmania,-409,175,-234
1/09/1994,Victoria,-5694,6111,417
1/09/1994,Western Australia,1487,3563,5050
1/12/1994,Australian Capital Territory,-187,-618,-805
1/12/1994,New South Wales,-3658,2602,-1056
1/12/1994,Northern Territory,367,-86,281
1/12/1994,Queensland,9954,-160,9794
1/12/1994,South Australia,-1357,38,-1319
1/12/1994,Tasmania,-753,-82,-835
1/12/1994,Victoria,-4907,1405,-3502
1/12/1994,Western Australia,541,751,1292
1/03/1995,Australian Capital Territory,629,437,1066
1/03/1995,New South Wales,-4447,9776,5329
1/03/1995,Northern Territory,778,117,895
1/03/1995,Queensland,10659,3049,13708
1/03/1995,South Australia,-2214,943,-1271
1/03/1995,Tasmania,-746,190,-556
1/03/1995,Victoria,-6357,6915,558
1/03/1995,Western Australia,1698,3269,4967
1/06/1995,Australian Capital Territory,-640,95,-545
1/06/1995,New South Wales,-2961,11205,8244
1/06/1995,Northern Territory,-242,171,-71
1/06/1995,Queensland,10272,3560,13832
1/06/1995,South Australia,-1994,965,-1029
1/06/1995,Tasmania,-748,27,-721
1/06/1995,Victoria,-5062,4864,-198
1/06/1995,Western Australia,1375,2925,4300
1/09/1995,Australian Capital Territory,-196,193,-3
1/09/1995,New South Wales,-2527,12797,10270
1/09/1995,Northern Territory,-188,238,50
1/09/1995,Queensland,8643,4134,12777
1/09/1995,South Australia,-2144,1024,-1120
1/09/1995,Tasmania,-623,143,-480
1/09/1995,Victoria,-4088,6962,2874
1/09/1995,Western Australia,1123,3651,4774
1/12/1995,Australian Capital Territory,-972,53,-919
1/12/1995,New South Wales,-4506,14384,9878
1/12/1995,Northern Territory,1068,146,1214
1/12/1995,Queensland,8898,2967,11865
1/12/1995,South Australia,-1493,980,-513
1/12/1995,Tasmania,-614,46,-568
1/12/1995,Victoria,-2698,7435,4737
1/12/1995,Western Australia,317,3203,3520
1/03/1996,Australian Capital Territory,437,42,479
1/03/1996,New South Wales,-5522,11172,5650
1/03/1996,Northern Territory,-46,61,15
1/03/1996,Queensland,9495,2902,12397
1/03/1996,South Australia,-1465,896,-569
1/03/1996,Tasmania,-884,115,-769
1/03/1996,Victoria,-3203,6772,3569
1/03/1996,Western Australia,1188,3182,4370
1/06/1996,Australian Capital Territory,75,102,177
1/06/1996,New South Wales,-2215,9692,7477
1/06/1996,Northern Territory,-506,124,-382
1/06/1996,Queensland,5578,3048,8626
1/06/1996,South Australia,-1090,753,-337
1/06/1996,Tasmania,-469,94,-375
1/06/1996,Victoria,-2811,4523,1712
1/06/1996,Western Australia,1438,2303,3741
1/09/1996,Australian Capital Territory,-467,179,-288
1/09/1996,New South Wales,-3401,13982,10581
1/09/1996,Northern Territory,647,321,968
1/09/1996,Queensland,6409,4814,11223
1/09/1996,South Australia,-1209,1069,-140
1/09/1996,Tasmania,-650,164,-486
1/09/1996,Victoria,-2606,7794,5188
1/09/1996,Western Australia,1289,3967,5256
1/12/1996,Australian Capital Territory,-292,-190,-482
1/12/1996,New South Wales,-3241,9484,6243
1/12/1996,Northern Territory,365,67,432
1/12/1996,Queensland,5321,1946,7267
1/12/1996,South Australia,-855,758,-97
1/12/1996,Tasmania,-919,82,-837
1/12/1996,Victoria,-1361,4343,2982
1/12/1996,Western Australia,994,2888,3882
1/03/1997,Australian Capital Territory,-688,132,-556
1/03/1997,New South Wales,-2519,11134,8615
1/03/1997,Northern Territory,-2,125,123
1/03/1997,Queensland,3561,4506,8067
1/03/1997,South Australia,-710,1143,433
1/03/1997,Tasmania,-740,32,-708
1/03/1997,Victoria,-684,7982,7298
1/03/1997,Western Australia,1795,4309,6104
1/06/1997,Australian Capital Territory,-1023,-191,-1214
1/06/1997,New South Wales,-1500,2691,1191
1/06/1997,Northern Territory,744,28,772
1/06/1997,Queensland,4314,1354,5668
1/06/1997,South Australia,-544,136,-408
1/06/1997,Tasmania,-1016,-24,-1040
1/06/1997,Victoria,-1544,959,-585
1/06/1997,Western Australia,582,1116,1698
1/09/1997,Australian Capital Territory,-934,-79,-1013
1/09/1997,New South Wales,-3144,9222,6078
1/09/1997,Northern Territory,-62,262,200
1/09/1997,Queensland,5274,4116,9390
1/09/1997,South Australia,-468,813,345
1/09/1997,Tasmania,-791,-20,-811
1/09/1997,Victoria,-539,5593,5054
1/09/1997,Western Australia,676,3021,3697
1/12/1997,Australian Capital Territory,-536,-247,-783
1/12/1997,New South Wales,-3555,6668,3113
1/12/1997,Northern Territory,-139,-2,-141
1/12/1997,Queensland,4995,1831,6826
1/12/1997,South Australia,-743,758,15
1/12/1997,Tasmania,-864,9,-855
1/12/1997,Victoria,126,2683,2809
1/12/1997,Western Australia,727,2355,3082
1/03/1998,Australian Capital Territory,-477,360,-117
1/03/1998,New South Wales,-2425,12292,9867
1/03/1998,Northern Territory,-203,191,-12
1/03/1998,Queensland,2925,4901,7826
1/03/1998,South Australia,-283,1382,1099
1/03/1998,Tasmania,-952,88,-864
1/03/1998,Victoria,117,9464,9581
1/03/1998,Western Australia,1312,5019,6331
1/06/1998,Australian Capital Territory,-35,-276,-311
1/06/1998,New South Wales,-3125,3661,536
1/06/1998,Northern Territory,-68,109,41
1/06/1998,Queensland,4230,1642,5872
1/06/1998,South Australia,-502,207,-295
1/06/1998,Tasmania,-1026,-38,-1064
1/06/1998,Victoria,26,1573,1599
1/06/1998,Western Australia,512,1598,2110
1/09/1998,Australian Capital Territory,-427,-161,-588
1/09/1998,New South Wales,-2663,11777,9114
1/09/1998,Northern Territory,-54,167,113
1/09/1998,Queensland,3638,3479,7117
1/09/1998,South Australia,-144,209,65
1/09/1998,Tasmania,-750,120,-630
1/09/1998,Victoria,-427,6753,6326
1/09/1998,Western Australia,838,4190,5028
1/12/1998,Australian Capital Territory,-353,44,-309
1/12/1998,New South Wales,-3750,7498,3748
1/12/1998,Northern Territory,-363,374,11
1/12/1998,Queensland,4640,2460,7100
1/12/1998,South Australia,-552,1330,778
1/12/1998,Tasmania,-1007,343,-664
1/12/1998,Victoria,1678,5758,7436
1/12/1998,Western Australia,-281,2271,1990
1/03/1999,Australian Capital Territory,54,239,293
1/03/1999,New South Wales,-2909,13771,10862
1/03/1999,Northern Territory,-174,218,44
1/03/1999,Queensland,3682,5535,9217
1/03/1999,South Australia,-381,1000,619
1/03/1999,Tasmania,-862,-98,-960
1/03/1999,Victoria,526,9803,10329
1/03/1999,Western Australia,77,4634,4711
1/06/1999,Australian Capital Territory,220,-347,-127
1/06/1999,New South Wales,-3728,8042,4314
1/06/1999,Northern Territory,-362,247,-115
1/06/1999,Queensland,4722,2236,6958
1/06/1999,South Australia,-554,143,-411
1/06/1999,Tasmania,-698,-194,-892
1/06/1999,Victoria,750,2377,3127
1/06/1999,Western Australia,-338,2286,1948
1/09/1999,Australian Capital Territory,-26,-115,-141
1/09/1999,New South Wales,-2970,11258,8288
1/09/1999,Northern Territory,-364,429,65
1/09/1999,Queensland,4057,3903,7960
1/09/1999,South Australia,-326,1018,692
1/09/1999,Tasmania,-600,179,-421
1/09/1999,Victoria,689,7544,8233
1/09/1999,Western Australia,-448,5502,5054
1/12/1999,Australian Capital Territory,130,-264,-134
1/12/1999,New South Wales,-4295,10763,6468
1/12/1999,Northern Territory,83,173,256
1/12/1999,Queensland,4572,5497,10069
1/12/1999,South Australia,-943,1528,585
1/12/1999,Tasmania,-686,228,-458
1/12/1999,Victoria,1918,5122,7040
1/12/1999,Western Australia,-767,1570,803
1/03/2000,Australian Capital Territory,189,304,493
1/03/2000,New South Wales,-3580,14023,10443
1/03/2000,Northern Territory,-472,178,-294
1/03/2000,Queensland,5133,5258,10391
1/03/2000,South Australia,-1425,1213,-212
1/03/2000,Tasmania,-687,84,-603
1/03/2000,Victoria,1529,11255,12784
1/03/2000,Western Australia,-674,5113,4439
1/06/2000,Australian Capital Territory,-384,-24,-408
1/06/2000,New South Wales,-3429,7645,4216
1/06/2000,Northern Territory,-154,162,8
1/06/2000,Queensland,4691,2856,7547
1/06/2000,South Australia,-837,70,-767
1/06/2000,Tasmania,-659,-56,-715
1/06/2000,Victoria,1083,3061,4144
1/06/2000,Western Australia,-298,1808,1510
1/09/2000,Australian Capital Territory,-145,204,59
1/09/2000,New South Wales,-3427,13329,9902
1/09/2000,Northern Territory,-374,279,-95
1/09/2000,Queensland,4653,4421,9074
1/09/2000,South Australia,-618,877,259
1/09/2000,Tasmania,-649,-48,-697
1/09/2000,Victoria,1226,8744,9970
1/09/2000,Western Australia,-660,4098,3438
1/12/2000,Australian Capital Territory,122,-133,-11
1/12/2000,New South Wales,-4272,12348,8076
1/12/2000,Northern Territory,-621,81,-540
1/12/2000,Queensland,5890,3382,9272
1/12/2000,South Australia,-789,566,-223
1/12/2000,Tasmania,-538,12,-526
1/12/2000,Victoria,1082,6403,7485
1/12/2000,Western Australia,-869,3946,3077
1/03/2001,Australian Capital Territory,158,611,769
1/03/2001,New South Wales,-4182,22036,17854
1/03/2001,Northern Territory,-374,240,-134
1/03/2001,Queensland,4301,8873,13174
1/03/2001,South Australia,-821,1276,455
1/03/2001,Tasmania,-393,129,-264
1/03/2001,Victoria,1986,15900,17886
1/03/2001,Western Australia,-669,5715,5046
1/06/2001,Australian Capital Territory,272,37,309
1/06/2001,New South Wales,-4434,10906,6472
1/06/2001,Northern Territory,-223,278,55
1/06/2001,Queensland,5180,4327,9507
1/06/2001,South Australia,-190,46,-144
1/06/2001,Tasmania,-556,8,-548
1/06/2001,Victoria,869,4289,5158
1/06/2001,Western Australia,-912,2504,1592
1/09/2001,Australian Capital Territory,-342,111,-231
1/09/2001,New South Wales,-4092,11376,7284
1/09/2001,Northern Territory,-414,217,-197
1/09/2001,Queensland,5363,7832,13195
1/09/2001,South Australia,-509,520,11
1/09/2001,Tasmania,-392,-29,-421
1/09/2001,Victoria,1020,3759,4779
1/09/2001,Western Australia,-627,3932,3305
1/12/2001,Australian Capital Territory,265,76,341
1/12/2001,New South Wales,-6814,12872,6058
1/12/2001,Northern Territory,-740,61,-679
1/12/2001,Queensland,7833,6491,14324
1/12/2001,South Australia,-32,1468,1436
1/12/2001,Tasmania,-503,421,-82
1/12/2001,Victoria,1229,5614,6843
1/12/2001,Western Australia,-1229,4196,2967
1/03/2002,Australian Capital Territory,161,443,604
1/03/2002,New South Wales,-6631,14230,7599
1/03/2002,Northern Territory,-663,296,-367
1/03/2002,Queensland,6746,6960,13706
1/03/2002,South Australia,-396,499,103
1/03/2002,Tasmania,-226,65,-161
1/03/2002,Victoria,1796,8917,10713
1/03/2002,Western Australia,-778,4947,4169
1/06/2002,Australian Capital Territory,-281,68,-213
1/06/2002,New South Wales,-7565,5933,-1632
1/06/2002,Northern Territory,-181,81,-100
1/06/2002,Queensland,10093,5205,15298
1/06/2002,South Australia,-371,311,-60
1/06/2002,Tasmania,-302,-150,-452
1/06/2002,Victoria,-436,1962,1526
1/06/2002,Western Australia,-948,1895,947
1/09/2002,Australian Capital Territory,-293,242,-51
1/09/2002,New South Wales,-7317,10844,3527
1/09/2002,Northern Territory,-827,192,-635
1/09/2002,Queensland,9565,8777,18342
1/09/2002,South Australia,107,706,813
1/09/2002,Tasmania,40,40,80
1/09/2002,Victoria,-489,6144,5655
1/09/2002,Western Australia,-778,2951,2173
1/12/2002,Australian Capital Territory,35,21,56
1/12/2002,New South Wales,-9561,9885,324
1/12/2002,Northern Territory,-769,-161,-930
1/12/2002,Queensland,11033,6991,18024
1/12/2002,South Australia,-568,1153,585
1/12/2002,Tasmania,466,570,1036
1/12/2002,Victoria,273,6606,6879
1/12/2002,Western Australia,-899,3865,2966
1/03/2003,Australian Capital Territory,-195,630,435
1/03/2003,New South Wales,-7417,15031,7614
1/03/2003,Northern Territory,-1011,-13,-1024
1/03/2003,Queensland,7943,7697,15640
1/03/2003,South Australia,-385,1486,1101
1/03/2003,Tasmania,842,349,1191
1/03/2003,Victoria,517,10691,11208
1/03/2003,Western Australia,-286,5717,5431
1/06/2003,Australian Capital Territory,-349,-8,-357
1/06/2003,New South Wales,-8172,5159,-3013
1/06/2003,Northern Territory,-161,307,146
1/06/2003,Queensland,9443,3657,13100
1/06/2003,South Australia,-345,559,214
1/06/2003,Tasmania,645,55,700
1/06/2003,Victoria,-1044,3336,2292
1/06/2003,Western Australia,-9,3042,3033
1/09/2003,Australian Capital Territory,-691,49,-642
1/09/2003,New South Wales,-7741,7722,-19
1/09/2003,Northern Territory,-624,266,-358
1/09/2003,Queensland,8866,6959,15825
1/09/2003,South Australia,-588,982,394
1/09/2003,Tasmania,851,162,1013
1/09/2003,Victoria,-475,7107,6632
1/09/2003,Western Australia,410,3983,4393
1/12/2003,Australian Capital Territory,-579,58,-521
1/12/2003,New South Wales,-8616,7481,-1135
1/12/2003,Northern Territory,-487,4,-483
1/12/2003,Queensland,10101,6747,16848
1/12/2003,South Australia,-334,1217,883
1/12/2003,Tasmania,799,294,1093
1/12/2003,Victoria,-1219,5435,4216
1/12/2003,Western Australia,344,3977,4321
1/03/2004,Australian Capital Territory,-155,408,253
1/03/2004,New South Wales,-7239,11640,4401
1/03/2004,Northern Territory,-425,226,-199
1/03/2004,Queensland,7675,7782,15457
1/03/2004,South Australia,-946,1480,534
1/03/2004,Tasmania,779,205,984
1/03/2004,Victoria,-365,9740,9375
1/03/2004,Western Australia,686,3990,4676
1/06/2004,Australian Capital Territory,-161,-59,-220
1/06/2004,New South Wales,-7502,2977,-4525
1/06/2004,Northern Territory,49,152,201
1/06/2004,Queensland,8856,3911,12767
1/06/2004,South Australia,-1042,626,-416
1/06/2004,Tasmania,145,39,184
1/06/2004,Victoria,-992,2738,1746
1/06/2004,Western Australia,655,1684,2339
1/09/2004,Australian Capital Territory,-663,131,-532
1/09/2004,New South Wales,-6116,9151,3035
1/09/2004,Northern Territory,-11,464,453
1/09/2004,Queensland,7315,6152,13467
1/09/2004,South Australia,-468,1483,1015
1/09/2004,Tasmania,158,243,401
1/09/2004,Victoria,-672,8892,8220
1/09/2004,Western Australia,463,3876,4339
1/12/2004,Australian Capital Territory,-152,-179,-331
1/12/2004,New South Wales,-7071,7901,830
1/12/2004,Northern Territory,-95,80,-15
1/12/2004,Queensland,8506,7909,16415
1/12/2004,South Australia,-1063,1482,419
1/12/2004,Tasmania,-71,440,369
1/12/2004,Victoria,-554,6438,5884
1/12/2004,Western Australia,508,4424,4932
1/03/2005,Australian Capital Territory,108,584,692
1/03/2005,New South Wales,-6828,13768,6940
1/03/2005,Northern Territory,342,272,614
1/03/2005,Queensland,7467,9265,16732
1/03/2005,South Australia,-1017,3138,2121
1/03/2005,Tasmania,107,430,537
1/03/2005,Victoria,-910,13482,12572
1/03/2005,Western Australia,739,6131,6870
1/06/2005,Australian Capital Territory,-135,-50,-185
1/06/2005,New South Wales,-6306,4385,-1921
1/06/2005,Northern Territory,374,188,562
1/06/2005,Queensland,7083,6229,13312
1/06/2005,South Australia,-678,917,239
1/06/2005,Tasmania,73,-68,5
1/06/2005,Victoria,-934,3480,2546
1/06/2005,Western Australia,531,2729,3260
1/09/2005,Australian Capital Territory,11,69,80
1/09/2005,New South Wales,-5563,10786,5223
1/09/2005,Northern Territory,20,365,385
1/09/2005,Queensland,6313,8406,14719
1/09/2005,South Australia,-724,2550,1826
1/09/2005,Tasmania,-6,217,211
1/09/2005,Victoria,-1033,9955,8922
1/09/2005,Western Australia,992,5108,6100
1/12/2005,Australian Capital Territory,486,71,557
1/12/2005,New South Wales,-7787,8641,854
1/12/2005,Northern Territory,-10,262,252
1/12/2005,Queensland,8278,8277,16555
1/12/2005,South Australia,-947,2130,1183
1/12/2005,Tasmania,132,463,595
1/12/2005,Victoria,-694,8892,8198
1/12/2005,Western Australia,556,5952,6508
1/03/2006,Australian Capital Territory,-463,413,-50
1/03/2006,New South Wales,-6188,15160,8972
1/03/2006,Northern Territory,-295,768,473
1/03/2006,Queensland,5464,10077,15541
1/03/2006,South Australia,-205,3432,3227
1/03/2006,Tasmania,13,383,396
1/03/2006,Victoria,298,15469,15767
1/03/2006,Western Australia,1387,7510,8897
1/06/2006,Australian Capital Territory,224,-52,172
1/06/2006,New South Wales,-6038,3936,-2102
1/06/2006,Northern Territory,-268,496,228
1/06/2006,Queensland,6552,6192,12744
1/06/2006,South Australia,-835,1701,866
1/06/2006,Tasmania,-221,103,-118
1/06/2006,Victoria,-402,5245,4843
1/06/2006,Western Australia,998,3785,4783
1/09/2006,Australian Capital Territory,158,363,521
1/09/2006,New South Wales,-5523,18905,13382
1/09/2006,Northern Territory,267,231,498
1/09/2006,Queensland,4853,10814,15667
1/09/2006,South Australia,-500,3703,3203
1/09/2006,Tasmania,-159,392,233
1/09/2006,Victoria,-203,14853,14650
1/09/2006,Western Australia,1076,7687,8763
1/12/2006,Australian Capital Territory,832,307,1139
1/12/2006,New South Wales,-7796,17010,9214
1/12/2006,Northern Territory,-35,25,-10
1/12/2006,Queensland,7284,9170,16454
1/12/2006,South Australia,-1053,3475,2422
1/12/2006,Tasmania,-118,406,288
1/12/2006,Victoria,-306,13011,12705
1/12/2006,Western Australia,1152,7221,8373
1/03/2007,Australian Capital Territory,506,913,1419
1/03/2007,New South Wales,-6051,23022,16971
1/03/2007,Northern Territory,43,477,520
1/03/2007,Queensland,5619,14047,19666
1/03/2007,South Australia,-1033,4820,3787
1/03/2007,Tasmania,-55,447,392
1/03/2007,Victoria,-556,22045,21489
1/03/2007,Western Australia,1490,10277,11767
1/06/2007,Australian Capital Territory,969,353,1322
1/06/2007,New South Wales,-6901,14633,7732
1/06/2007,Northern Territory,168,420,588
1/06/2007,Queensland,5625,12114,17739
1/06/2007,South Australia,-785,2635,1850
1/06/2007,Tasmania,-205,192,-13
1/06/2007,Victoria,-552,12630,12078
1/06/2007,Western Australia,1644,6196,7840
1/09/2007,Australian Capital Territory,-485,407,-78
1/09/2007,New South Wales,-4892,20903,16011
1/09/2007,Northern Territory,426,266,692
1/09/2007,Queensland,4775,10750,15525
1/09/2007,South Australia,-888,3345,2457
1/09/2007,Tasmania,247,422,669
1/09/2007,Victoria,-148,17509,17361
1/09/2007,Western Australia,932,9211,10143
1/12/2007,Australian Capital Territory,-98,204,106
1/12/2007,New South Wales,-5070,18339,13269
1/12/2007,Northern Territory,440,214,654
1/12/2007,Queensland,5934,10770,16704
1/12/2007,South Australia,-958,3029,2071
1/12/2007,Tasmania,225,408,633
1/12/2007,Victoria,-1302,14288,12986
1/12/2007,Western Australia,789,8743,9532
1/03/2008,Australian Capital Territory,309,1260,1569
1/03/2008,New South Wales,-5330,29416,24086
1/03/2008,Northern Territory,19,483,502
1/03/2008,Queensland,4248,17953,22201
1/03/2008,South Australia,-1351,5236,3885
1/03/2008,Tasmania,193,734,927
1/03/2008,Victoria,118,24930,25048
1/03/2008,Western Australia,1757,13449,15206
1/06/2008,Australian Capital Territory,534,647,1181
1/06/2008,New South Wales,-5488,18731,13243
1/06/2008,Northern Territory,504,660,1164
1/06/2008,Queensland,4452,14434,18886
1/06/2008,South Australia,-1024,3717,2693
1/06/2008,Tasmania,65,271,336
1/06/2008,Victoria,-592,16835,16243
1/06/2008,Western Australia,1513,9773,11286
1/09/2008,Australian Capital Territory,-506,883,377
1/09/2008,New South Wales,-5323,25036,19713
1/09/2008,Northern Territory,299,505,804
1/09/2008,Queensland,4447,15873,20320
1/09/2008,South Australia,-1127,4709,3582
1/09/2008,Tasmania,355,597,952
1/09/2008,Victoria,138,22776,22914
1/09/2008,Western Australia,1684,13744,15428
1/12/2008,Australian Capital Territory,211,535,746
1/12/2008,New South Wales,-5386,23244,17858
1/12/2008,Northern Territory,59,322,381
1/12/2008,Queensland,4369,14580,18949
1/12/2008,South Australia,-1418,3955,2537
1/12/2008,Tasmania,513,487,1000
1/12/2008,Victoria,111,18684,18795
1/12/2008,Western Australia,1499,11223,12722
1/03/2009,Australian Capital Territory,-27,1572,1545
1/03/2009,New South Wales,-4537,23899,19362
1/03/2009,Northern Territory,156,447,603
1/03/2009,Queensland,3031,17643,20674
1/03/2009,South Australia,-1147,5563,4416
1/03/2009,Tasmania,261,733,994
1/03/2009,Victoria,872,25867,26739
1/03/2009,Western Australia,1356,12971,14327
1/06/2009,Australian Capital Territory,13,618,631
1/06/2009,New South Wales,-3421,14564,11143
1/06/2009,Northern Territory,420,825,1245
1/06/2009,Queensland,2855,11223,14078
1/06/2009,South Australia,-710,3778,3068
1/06/2009,Tasmania,-66,310,244
1/06/2009,Victoria,402,16289,16691
1/06/2009,Western Australia,473,6390,6863
1/09/2009,Australian Capital Territory,-308,980,672
1/09/2009,New South Wales,-2197,17707,15510
1/09/2009,Northern Territory,75,374,449
1/09/2009,Queensland,2082,11200,13282
1/09/2009,South Australia,-406,4605,4199
1/09/2009,Tasmania,87,473,560
1/09/2009,Victoria,419,18998,19417
1/09/2009,Western Australia,218,8179,8397
1/12/2009,Australian Capital Territory,221,498,719
1/12/2009,New South Wales,-2536,13994,11458
1/12/2009,Northern Territory,-284,44,-240
1/12/2009,Queensland,2023,7259,9282
1/12/2009,South Australia,-788,3227,2439
1/12/2009,Tasmania,30,410,440
1/12/2009,Victoria,899,10933,11832
1/12/2009,Western Australia,398,5301,5699
1/03/2010,Australian Capital Territory,297,1282,1579
1/03/2010,New South Wales,-2065,17556,15491
1/03/2010,Northern Territory,-329,339,10
1/03/2010,Queensland,589,10638,11227
1/03/2010,South Australia,-848,4355,3507
1/03/2010,Tasmania,456,694,1150
1/03/2010,Victoria,1057,16227,17284
1/03/2010,Western Australia,810,8769,9579
1/06/2010,Australian Capital Territory,217,325,542
1/06/2010,New South Wales,-2660,7895,5235
1/06/2010,Northern Territory,-123,474,351
1/06/2010,Queensland,1478,6723,8201
1/06/2010,South Australia,-667,2350,1683
1/06/2010,Tasmania,91,102,193
1/06/2010,Victoria,939,7521,8460
1/06/2010,Western Australia,693,6617,7310
1/09/2010,Australian Capital Territory,4,336,340
1/09/2010,New South Wales,-2293,11970,9677
1/09/2010,Northern Territory,-288,247,-41
1/09/2010,Queensland,1608,7541,9149
1/09/2010,South Australia,-808,2512,1704
1/09/2010,Tasmania,49,222,271
1/09/2010,Victoria,334,10269,10603
1/09/2010,Western Australia,1397,8678,10075
1/12/2010,Australian Capital Territory,1222,58,1280
1/12/2010,New South Wales,-3831,12623,8792
1/12/2010,Northern Territory,-859,27,-832
1/12/2010,Queensland,1709,6768,8477
1/12/2010,South Australia,-715,1677,962
1/12/2010,Tasmania,118,212,330
1/12/2010,Victoria,801,9197,9998
1/12/2010,Western Australia,1557,7833,9390
1/03/2011,Australian Capital Territory,-16,1033,1017
1/03/2011,New South Wales,-3360,17961,14601
1/03/2011,Northern Territory,-1077,271,-806
1/03/2011,Queensland,1490,11386,12876
1/03/2011,South Australia,-400,2932,2532
1/03/2011,Tasmania,1,486,487
1/03/2011,Victoria,1327,15683,17010
1/03/2011,Western Australia,2038,11206,13244
1/06/2011,Australian Capital Territory,144,311,455
1/06/2011,New South Wales,-4012,9121,5109
1/06/2011,Northern Territory,-325,555,230
1/06/2011,Queensland,1988,8934,10922
1/06/2011,South Australia,-691,2047,1356
1/06/2011,Tasmania,-215,73,-142
1/06/2011,Victoria,1072,9482,10554
1/06/2011,Western Australia,2041,8708,10749
1/09/2011,Australian Capital Territory,139,962,1101
1/09/2011,New South Wales,-3698,14098,10400
1/09/2011,Northern Territory,37,781,818
1/09/2011,Queensland,2638,11226,13864
1/09/2011,South Australia,-855,2771,1916
1/09/2011,Tasmania,-209,392,183
1/09/2011,Victoria,505,13291,13796
1/09/2011,Western Australia,1444,11922,13366
1/12/2011,Australian Capital Territory,570,745,1315
1/12/2011,New South Wales,-4999,12985,7986
1/12/2011,Northern Territory,-458,462,4
1/12/2011,Queensland,3271,9376,12647
1/12/2011,South Australia,-858,2682,1824
1/12/2011,Tasmania,-640,296,-344
1/12/2011,Victoria,978,12606,13584
1/12/2011,Western Australia,2137,11441,13578
1/03/2012,Australian Capital Territory,125,1716,1841
1/03/2012,New South Wales,-4948,17902,12954
1/03/2012,Northern Territory,-340,1119,779
1/03/2012,Queensland,3197,14157,17354
1/03/2012,South Australia,-943,4271,3328
1/03/2012,Tasmania,-522,623,101
1/03/2012,Victoria,759,18396,19155
1/03/2012,Western Australia,2672,15822,18494
1/06/2012,Australian Capital Territory,311,596,907
1/06/2012,New South Wales,-4470,12241,7771
1/06/2012,Northern Territory,70,964,1034
1/06/2012,Queensland,2676,11779,14455
1/06/2012,South Australia,-564,2634,2070
1/06/2012,Tasmania,-554,213,-341
1/06/2012,Victoria,175,11881,12056
1/06/2012,Western Australia,2356,11595,13951
1/09/2012,Australian Capital Territory,186,946,1132
1/09/2012,New South Wales,-3786,16536,12750
1/09/2012,Northern Territory,38,1097,1135
1/09/2012,Queensland,2983,12846,15829
1/09/2012,South Australia,-1038,2861,1823
1/09/2012,Tasmania,-450,307,-143
1/09/2012,Victoria,582,15665,16247
1/09/2012,Western Australia,1484,13087,14571
1/12/2012,Australian Capital Territory,-6,297,291
1/12/2012,New South Wales,-3718,16456,12738
1/12/2012,Northern Territory,-149,939,790
1/12/2012,Queensland,2069,8482,10551
1/12/2012,South Australia,-1271,2108,837
1/12/2012,Tasmania,-249,439,190
1/12/2012,Victoria,1732,12811,14543
1/12/2012,Western Australia,1592,9461,11053
1/03/2013,Australian Capital Territory,65,1307,1372
1/03/2013,New South Wales,-3725,20704,16979
1/03/2013,Northern Territory,-291,1169,878
1/03/2013,Queensland,1990,12250,14240
1/03/2013,South Australia,-1269,3986,2717
1/03/2013,Tasmania,-253,564,311
1/03/2013,Victoria,1882,18901,20783
1/03/2013,Western Australia,1601,12339,13940
1/06/2013,Australian Capital Territory,-43,365,322
1/06/2013,New South Wales,-3416,13067,9651
1/06/2013,Northern Territory,-79,1149,1070
1/06/2013,Queensland,1832,8253,10085
1/06/2013,South Australia,-1183,2723,1540
1/06/2013,Tasmania,-334,304,-30
1/06/2013,Victoria,2224,11657,13881
1/06/2013,Western Australia,999,7251,8250
1/09/2013,Australian Capital Territory,-321,804,483
1/09/2013,New South Wales,-1713,18629,16916
1/09/2013,Northern Territory,-270,425,155
1/09/2013,Queensland,1515,8257,9772
1/09/2013,South Australia,-974,3156,2182
1/09/2013,Tasmania,-256,516,260
1/09/2013,Victoria,2051,16143,18194
1/09/2013,Western Australia,-32,6300,6268
1/12/2013,Australian Capital Territory,529,172,701
1/12/2013,New South Wales,-2466,15183,12717
1/12/2013,Northern Territory,-896,450,-446
1/12/2013,Queensland,2089,4702,6791
1/12/2013,South Australia,-1319,2269,950
1/12/2013,Tasmania,83,407,490
1/12/2013,Victoria,2439,11802,14241
1/12/2013,Western Australia,-459,3171,2712
1/03/2014,Australian Capital Territory,-536,1463,927
1/03/2014,New South Wales,-957,21805,20848
1/03/2014,Northern Territory,-622,645,23
1/03/2014,Queensland,911,9754,10665
1/03/2014,South Australia,-837,4061,3224
1/03/2014,Tasmania,-44,589,545
1/03/2014,Victoria,2655,19573,22228
1/03/2014,Western Australia,-570,7143,6573
1/06/2014,Australian Capital Territory,-484,276,-208
1/06/2014,New South Wales,-1615,11375,9760
1/06/2014,Northern Territory,-633,232,-401
1/06/2014,Queensland,1779,4504,6283
1/06/2014,South Australia,-760,2154,1394
1/06/2014,Tasmania,-218,289,71
1/06/2014,Victoria,2594,9388,11982
1/06/2014,Western Australia,-663,2136,1473
1/09/2014,Australian Capital Territory,-180,1144,964
1/09/2014,New South Wales,-1184,19303,18119
1/09/2014,Northern Territory,-305,236,-69
1/09/2014,Queensland,1653,5740,7393
1/09/2014,South Australia,-926,2573,1647
1/09/2014,Tasmania,-65,376,311
1/09/2014,Victoria,1703,16879,18582
1/09/2014,Western Australia,-696,3936,3240
1/12/2014,Australian Capital Territory,69,330,399
1/12/2014,New South Wales,-1826,15869,14043
1/12/2014,Northern Territory,-879,28,-851
1/12/2014,Queensland,1836,3035,4871
1/12/2014,South Australia,-1134,2186,1052
1/12/2014,Tasmania,-297,471,174
1/12/2014,Victoria,3289,12553,15842
1/12/2014,Western Australia,-1058,2297,1239
1/03/2015,Australian Capital Territory,47,1555,1602
1/03/2015,New South Wales,-1662,22897,21235
1/03/2015,Northern Territory,-896,715,-181
1/03/2015,Queensland,1382,7978,9360
1/03/2015,South Australia,-937,4297,3360
1/03/2015,Tasmania,148,601,749
1/03/2015,Victoria,3105,20105,23210
1/03/2015,Western Australia,-1188,5620,4432
1/06/2015,Australian Capital Territory,-39,467,428
1/06/2015,New South Wales,-2104,12240,10136
1/06/2015,Northern Territory,-261,1375,1114
1/06/2015,Queensland,1990,3681,5671
1/06/2015,South Australia,-1573,2096,523
1/06/2015,Tasmania,341,75,416
1/06/2015,Victoria,2982,11157,14139
1/06/2015,Western Australia,-1336,2218,882
1/09/2015,Australian Capital Territory,-96,952,856
1/09/2015,New South Wales,-2006,20471,18465
1/09/2015,Northern Territory,-298,-284,-582
1/09/2015,Queensland,2119,4594,6713
1/09/2015,South Australia,-1272,2709,1437
1/09/2015,Tasmania,315,486,801
1/09/2015,Victoria,2661,18147,20808
1/09/2015,Western Australia,-1425,3304,1879
1/12/2015,Australian Capital Territory,113,296,409
1/12/2015,New South Wales,-3131,17230,14099
1/12/2015,Northern Territory,-626,-262,-888
1/12/2015,Queensland,3250,3227,6477
1/12/2015,South Australia,-1972,2149,177
1/12/2015,Tasmania,-185,251,66
1/12/2015,Victoria,5197,14782,19979
1/12/2015,Western Australia,-2651,1599,-1052
1/03/2016,Australian Capital Territory,214,1643,1857
1/03/2016,New South Wales,-3262,26055,22793
1/03/2016,Northern Territory,-612,615,3
1/03/2016,Queensland,3187,9874,13061
1/03/2016,South Australia,-1865,3898,2033
1/03/2016,Tasmania,240,771,1011
1/03/2016,Victoria,4602,24794,29396
1/03/2016,Western Australia,-2511,5362,2851
1/06/2016,Australian Capital Territory,152,439,591
1/06/2016,New South Wales,-3140,16251,13111
1/06/2016,Northern Territory,-493,979,486
1/06/2016,Queensland,3430,7257,10687
1/06/2016,South Australia,-2103,2527,424
1/06/2016,Tasmania,390,263,653
1/06/2016,Victoria,5179,14492,19671
1/06/2016,Western Australia,-3423,1356,-2067
1/09/2016,Australian Capital Territory,144,1322,1466
1/09/2016,New South Wales,-2392,30126,27734
1/09/2016,Northern Territory,-407,560,153
1/09/2016,Queensland,3492,9353,12845
1/09/2016,South Australia,-1356,3418,2062
1/09/2016,Tasmania,250,554,804
1/09/2016,Victoria,3155,24517,27672
1/09/2016,Western Australia,-2886,3803,917
1/12/2016,Australian Capital Territory,681,443,1124
1/12/2016,New South Wales,-4253,23770,19517
1/12/2016,Northern Territory,-971,-67,-1038
1/12/2016,Queensland,4928,5943,10871
1/12/2016,South Australia,-2422,2264,-158
1/12/2016,Tasmania,347,689,1036
1/12/2016,Victoria,6003,19105,25108
1/12/2016,Western Australia,-4313,1442,-2871
1/03/2017,Australian Capital Territory,305,1930,2235
1/03/2017,New South Wales,-4381,33051,28670
1/03/2017,Northern Territory,-922,434,-488
1/03/2017,Queensland,4208,11370,15578
1/03/2017,South Australia,-1483,4219,2736
1/03/2017,Tasmania,437,828,1265
1/03/2017,Victoria,5234,31795,37029
1/03/2017,Western Australia,-3398,5141,1743
1/06/2017,Australian Capital Territory,100,453,553
1/06/2017,New South Wales,-4135,18555,14420
1/06/2017,Northern Territory,-567,918,351
1/06/2017,Queensland,5167,7409,12576
1/06/2017,South Australia,-1517,2274,757
1/06/2017,Tasmania,488,273,761
1/06/2017,Victoria,3801,15826,19627
1/06/2017,Western Australia,-3337,1623,-1714
1/09/2017,Australian Capital Territory,-188,1629,1441
1/09/2017,New South Wales,-3986,28130,24144
1/09/2017,Northern Territory,-656,100,-556
1/09/2017,Queensland,5402,7040,12442
1/09/2017,South Australia,-1304,3571,2267
1/09/2017,Tasmania,542,987,1529
1/09/2017,Victoria,2930,24565,27495
1/09/2017,Western Australia,-2740,3720,980
1/12/2017,Australian Capital Territory,455,336,791
1/12/2017,New South Wales,-6797,15192,8395
1/12/2017,Northern Territory,-1118,-210,-1328
1/12/2017,Queensland,7733,1818,9551
1/12/2017,South Australia,-1767,2039,272
1/12/2017,Tasmania,416,483,899
1/12/2017,Victoria,4421,14946,19367
1/12/2017,Western Australia,-3343,1218,-2125
1/03/2018,Australian Capital Territory,122,1941,2063
1/03/2018,New South Wales,-5588,30281,24693
1/03/2018,Northern Territory,-1222,317,-905
1/03/2018,Queensland,5702,11337,17039
1/03/2018,South Australia,-1091,4715,3624
1/03/2018,Tasmania,750,815,1565
1/03/2018,Victoria,3947,30962,34909
1/03/2018,Western Australia,-2620,4733,2113
1/06/2018,Australian Capital Territory,169,692,861
1/06/2018,New South Wales,-5301,17047,11746
1/06/2018,Northern Territory,-835,551,-284
1/06/2018,Queensland,5861,7546,13407
1/06/2018,South Australia,-989,2399,1410
1/06/2018,Tasmania,674,518,1192
1/06/2018,Victoria,3018,16495,19513
1/06/2018,Western Australia,-2597,2309,-288
1/09/2018,Australian Capital Territory,-472,1259,787
1/09/2018,New South Wales,-4427,27542,23115
1/09/2018,Northern Territory,-745,51,-694
1/09/2018,Queensland,5020,9596,14616
1/09/2018,South Australia,-761,4319,3558
1/09/2018,Tasmania,530,1129,1659
1/09/2018,Victoria,2599,25574,28173
1/09/2018,Western Australia,-1744,4361,2617
1/12/2018,Australian Capital Territory,494,24,518
1/12/2018,New South Wales,-6581,18369,11788
1/12/2018,Northern Territory,-1414,-483,-1897
1/12/2018,Queensland,7213,4714,11927
1/12/2018,South Australia,-1383,2370,987
1/12/2018,Tasmania,568,686,1254
1/12/2018,Victoria,3645,15706,19351
1/12/2018,Western Australia,-2542,2940,398
1/03/2019,Australian Capital Territory,-183,1679,1496
1/03/2019,New South Wales,-5686,28504,22818
1/03/2019,Northern Territory,-1262,468,-794
1/03/2019,Queensland,5175,11895,17070
1/03/2019,South Australia,-902,4938,4036
1/03/2019,Tasmania,482,1044,1526
1/03/2019,Victoria,3518,31709,35227
1/03/2019,Western Australia,-1142,6335,5193
1/06/2019,Australian Capital Territory,-33,148,115
1/06/2019,New South Wales,-5369,11740,6371
1/06/2019,Northern Territory,-950,682,-268
1/06/2019,Queensland,5423,6168,11591
1/06/2019,South Australia,-912,2432,1520
1/06/2019,Tasmania,428,133,561
1/06/2019,Victoria,2436,11490,13926
1/06/2019,Western Australia,-1023,2079,1056
1/09/2019,Australian Capital Territory,-422,874,452
1/09/2019,New South Wales,-4609,23052,18443
1/09/2019,Northern Territory,-669,-278,-947
1/09/2019,Queensland,5470,8593,14063
1/09/2019,South Australia,-992,4435,3443
1/09/2019,Tasmania,138,672,810
1/09/2019,Victoria,2030,23208,25238
1/09/2019,Western Australia,-946,5717,4771
1/12/2019,Australian Capital Territory,-213,900,687
1/12/2019,New South Wales,-5221,21099,15878
1/12/2019,Northern Territory,-960,291,-669
1/12/2019,Queensland,5356,8885,14241
1/12/2019,South Australia,-935,3935,3000
1/12/2019,Tasmania,349,616,965
1/12/2019,Victoria,2661,22136,24797
1/12/2019,Western Australia,-1037,4710,3673